18.21474437713623 0 0
18.497667598724366 0 0
18.769128847122193 0 0
19.03382306098938 0 0
19.289349126815797 0 0
21.873544025421143 0 0
22.0812979221344 0 0
22.369573640823365 0 0
22.864387559890748 0 0
23.153615999221802 0 0
26.473697710037232 0 0
26.713309574127198 0 0
27.177467393875123 0 0
27.329593706130982 0 0
27.52951102256775 0 0
30.105674314498902 0 0
30.31354241371155 0 0
30.600303220748902 0 0
30.856907653808594 0 0
31.503331232070924 0 0
34.799106407165525 0 0
35.02563648223877 0 0
35.263440179824826 0 0
35.52581577301025 0 0
35.77679352760315 0 0
38.37738375663757 0 0
38.61420564651489 0 0
38.88823490142822 0 0
39.13752822875976 0 0
39.40096549987793 0 0
39.63352756500244 0 0
43.031676578521726 0 0
43.28609709739685 0 0
43.537438201904294 0 0
43.8096800327301 0 0
44.07377986907959 0 0
44.30398850440979 0 0
46.86413221359253 0 0
47.12959222793579 0 0
47.39278154373169 0 0
47.62484102249145 0 0
47.88026051521301 0 0
48.145714092254636 0 0
51.193642902374265 0 0
51.4972017288208 0 0
51.9692841053009 0 0
52.134114789962766 0 0
52.29569845199585 0 0
54.60150747299194 0 0
54.84762506484985 0 0
55.135948944091794 0 0
55.417389917373654 0 0
55.91351132392883 0 0
56.153508234024045 0 0
58.98374466896057 0 0
59.23355846405029 0 0
59.50353531837463 0 0
59.75963978767395 0 0
60.02561120986938 0 0
60.257432270050046 0 0
60.53356413841247 0 0
62.79942588806152 0 0
63.073435592651364 0 0
63.3192813873291 0 0
63.598775434494016 0 0
64.14400486946106 0 0
64.38526253700256 0 0
66.98371319770813 0 0
67.21529011726379 0 0
67.46555738449096 0 0
67.7453706741333 0 0
67.99977784156799 0 0
68.24695091247558 0 0
68.47353892326355 0 0
68.76920037269592 0 0
71.08804564476013 0 0
71.32724742889404 0 0
71.59337453842163 0 0
71.8633008480072 0 0
72.3767719745636 0 0
72.61340503692627 0 0
75.96891264915466 0 0
76.23338251113891 0 0
76.48955445289612 0 0
76.75996594429016 0 0
77.03950457572937 0 0
77.24919228553772 0 0
79.85686926841736 0 0
80.11365370750427 0 0
80.39858536720276 0 0
80.63355450630188 0 0
80.85476975440979 0 0
81.1037941455841 0 0