2.136077404022217 0 -6 //beat piano (izquierda)
2.5439343452453613 0 -1
3.184021472930908 0 -6
3.624074935913086 0 -1
4.096227407455444 0 -6
4.624072074890137 0 0
4.8240742683410645 0 -3
5.2160632610321045 0 0
5.695306301116943 0 0 //beat piano (derecha)
6.143862247467041 0 5
6.791539669036865 0 0 
7.287185907363892 0 5
7.759733200073242 0 0
8.184071779251099 0 6
8.415934801101685 0 3
8.855950355529785 0 6 
9.296203851699829 0 -6 //beat piano (izquierda)
9.744195699691772 0 -1
10.343194484710693 0 -6
10.815786361694336 0 -1
11.279523849487305 0 -6
11.767998695373535 0 0
11.96065378189087 0 -3
12.360652685165405 0 0
12.856055736541748 0 -3 //beat piano (fin)
13.279682159423828 0 2
13.975926637649536 0 -3
14.431792736053467 0 2
14.864057064056396 0 -3
15.335922002792358 0 3 
15.559933900833130 0 6
16.504051923751830 0 0 //estribillo (don't play with me)
16.711630344390870 0 5
16.919689178466790 0 5 
17.136042356491090 0 0
17.591852188110350 0 -4 // (you broke my heart)
17.824050664901730 0 1
18.031865835189820 0 6
18.231835126876830 0 1
18.688048601150513 0 -5 // (but I'm also so obsessed with you)
18.887935876846313 0 -6
19.111626625061035 0 -1
19.336044549942017 0 3
19.600082397460938 0 -5
19.816054105758667 0 -6
20.01591730117798 0 -1
20.239933490753174 0 3
20.45604920387268 0 -1
22.424047470092773 0 -2 // (I don't know if I love you)
22.688034772872925 0 5
22.896196842193604 0 1
23.119689464569092 0 -2
23.3440580368042 0 3
23.568192958831787 0 -2
24.024038791656494 0 -5
26.071869134902954 0 -2 // (I don't know if I hate you)
26.288023948669434 0 5
26.488035917282104 0 1
26.71181869506836 0 -2
26.9118230342865 0 3
27.151923894882202 0 -2
27.591910123825073 0 -5
28.80803942680359 0 -6 // (Baby it's time to)
29.22389793395996 0 -2
29.62403631210327 0 -6
29.84791922569275 0 -2
30.288025617599487 0 3
30.759899139404297 0 1 // (Get out my way)
30.97530245780945 0 6
31.215900897979736 0 6
31.416029691696167 0 1
31.879646062850952 0 -5 // (Get out my life)
32.11980080604553 0 0
32.3120002746582 0 5
32.55189657211304 0 0
33.00004959106445 0 -2 // (I'm so sick of you just playing games)
33.22402262687683 0 -3
33.471813440322876 0 2
33.70402956008911 0 6
33.920060873031616 0 -2
34.14390516281128 0 -3
34.37590026855469 0 2
34.57600951194763 0 6
34.799911975860596 0 2
36.815911531448364 0 -2 // (I'm pretty sure I hate you)
37.04801797866821 0 5
37.247721672058105 0 1
37.48784875869751 0 -2
37.68795561790466 0 3
37.919907569885254 0 -2
38.344011545181274 0 -5
40.408020973205566 0 -2 // (I'm pretty sure I love you)
40.64760065078735 0 5
40.87197279930115 0 1
41.095250368118286 0 -2
41.311477184295654 0 3
41.54388642311096 0 -2
41.99187922477722 0 -5
44.719754695892334 0 -3 //(After all of this commotion and the bullshit that you did)
44.94395136833191 0 2
45.168001651763916 0 -3
45.39170026779175 0 2
45.608004331588745 0 -3
45.82401394844055 0 2
46.03988766670227 0 -3
46.24797010421753 0 2
46.456029653549194 0 -3
46.67192006111145 0 2
46.89556288719177 0 -3
47.103878021240234 0 2
47.33600115776062 0 -3
47.56799268722534 0 2 
47.78329277038574 0 6
48.20801115036011 0 -6 // (Cut my body in to pieces and just throw me off a bridge)
48.4238977432251 0 -1
48.639883518218994 0 -6
48.8795485496521 0 -1
49.095640420913696 0 -6
49.35986852645874 0 -1
49.56787586212158 0 -6
49.78409147262573 0 -1
50.024001598358154 0 -6
50.239867210388184 0 -1
50.456005811691284 0 -6
50.6720073223114 0 -1
50.88788843154907 0 -6
51.11194157600403 0 -1
51.3438720703125 0 3
51.775964975357056 0 -3 // (I think its fair to say) 
52.44830894470215 0 0
52.695902585983276 0 5
52.92788529396057 0 0
53.15182566642761 0 5
53.35181450843811 0 -3
53.59165716171265 0 -6 // (That I'm going insane)
54.295472860336304 0 -3
54.503870248794556 0 2
54.70386624336243 0 -3
54.94388818740845 0 2
55.14389944076538 0 6
55.343995809555054 0 -2 // (More broken day by day)
56.04755616188049 0 1
56.27990531921387 0 6
56.511804819107056 0 1
56.72798562049866 0 6
56.93599462509155 0 -2
57.15985608100891 0 -3 // (Why won't you go away)
57.85599637031555 0 0
58.08798336982727 0 5
58.31166195869446 0 0
58.550676345825195 0 5
58.79199743270874 0 -3
58.99926733970642 0 3 
59.65631937980652 0 2 // (You say you hate me but you stay banging my line)
59.88798785209656 0 2
60.10398530960083 0 -2
60.32796931266785 0 -2
60.54398512840271 0 -6
60.807618856430054 0 -6
61.00799012184143 0 -2
61.23985409736633 0 -2
61.42397737503052 0 2
61.647709131240845 0 2
61.89584946632385 0 6
62.12798023223877 0 0 
62.55985498428345 0 -6 // (Why do you want to break my heart and love me at the same time)
62.767067432403564 0 0
62.9838981628418 0 3
63.215646743774414 0 2
63.44794678688049 0 2
63.655986309051514 0 -2
63.90398192405701 0 -2
64.10386061668396 0 -6
64.35097932815552 0 -6
64.57591414451599 0 -2
64.78395199775696 0 -2
65.00003814697266 0 2
65.21569514274597 0 2 
65.45601201057434 0 6
65.7117908000946 0 0 
66.14384317398071 0 -6 // (Stupid bitch you came from hell and made me lose my fucking mind)
66.35181927680969 0 0
66.60797238349915 0 3
66.82398056983948 0 2
67.06379508972168 0 2
67.27204751968384 0 -2
67.4794819355011 0 -2
67.69597554206848 0 -6
67.93596863746643 0 -6
68.1598629951477 0 -2
68.37610650062561 0 -2
68.58392810821533 0 2
68.83162355422974 0 2
69.03158330917358 0 6
69.27200031280518 0 0
69.75983762741089 0 -6 // (What did I do to deserve this you just gave me a hard time)
69.95986008644104 0 0
70.21595978736877 0 3
70.47196769714355 0 2
70.64731860160828 0 2
70.85597658157349 0 -2
71.07968211174011 0 -2
71.30385828018188 0 -6
71.53584122657776 0 -6
71.74385833740234 0 -2
71.95106148719788 0 -2
72.17598509788513 0 2
72.41509413719177 0 2
72.63158226013184 0 6
72.88796758651733 0 0
74.04751133918762 0 -6 // (They hit me up and told me)
74.24750113487244 0 -2
74.47192287445068 0 -6
74.67192077636719 0 4
74.92796730995178 0 0
75.12796974182129 0 6
75.33582973480225 0 0
75.83184218406677 0 -6 // (That you were with my homie)
76.02396130561829 0 -2
76.21527123451233 0 -6
76.43985033035278 0 4
76.64766526222229 0 0
76.87203454971313 0 6
77.07984113693237 0 0
77.55982995033264 0 -6 // (How could you ever help me)
77.78371667861938 0 -2
77.99167966842651 0 -6
78.23154377937317 0 4
78.43153977394104 0 0
78.66340160369873 0 6
78.88796210289001 0 0
79.39176154136658 0 -6 // (I never been so lonely)
79.59976959228516 0 -2
79.79983329772949 0 -6
80.03982257843018 0 4
80.2478096485138 0 0
80.45582175254822 0 6
80.68795108795166 0 0
81.22395515441895 0 -6 // (Can't take you back oh no no)
81.43153715133667 0 -2
81.63982033729553 0 -6
81.87984251976013 0 0
82.07176470756531 0 6
82.31164574623108 0 1
82.53581237792969 0 -4
82.95094728469849 0 -6 // (Think that it's time to go go)
83.19177293777466 0 -2
83.41563749313354 0 -6
83.63176679611206 0 0
83.83983969688416 0 6
84.06367111206055 0 1
84.27981686592102 0 -4
84.7993528842926 0 -6 // (You left me all on my own)
85.0078444480896 0 -2
85.2157654762268 0 -6
85.44708228111267 0 0
85.64708638191223 0 6
85.8879542350769 0 1
86.08795166015625 0 -4
88.13582515716553 0 0 //estribillo (don't play with me)
88.34351348876953 0 5
88.55183243751526 0 5
88.78342509269714 0 0
89.23980903625488 0 -4 // (you broke my heart) 
89.44783759117126 0 1
89.66393160820007 0 6
89.87983083724976 0 1
90.33593583106995 0 -5 // (but I'm also so obsessed with you)
90.54380750656128 0 -6
90.76801109313965 0 -1
90.99941229820251 0 3
91.24737596511841 0 -5
91.4473865032196 0 -6
91.67177200317383 0 -1
91.87175703048706 0 3
92.10393595695496 0 -1
94.11163449287415 0 -2 // (I don't know if I love you)
94.34321284294128 0 5
94.5515308380127 0 1
94.78359198570251 0 -2
95.00091242790222 0 3
95.24758195877075 0 -2
95.69593095779419 0 -5
97.68792653083801 0 -2 // (I don't know if I hate you)
97.91940689086914 0 5
98.15158176422119 0 1
98.36772799491882 0 -2
98.61542892456055 0 3
98.83981990814209 0 -2
99.271564245224 0 -5
100.3597936630249 0 -6 // (Baby it's time to)
100.79139280319214 0 -2
101.21558356285095 0 -6
101.43223714828491 0 -2 
101.9352650642395 0 3
102.4005012512207 0 1 // (Get out my way)
102.60791993141174 0 6
102.84792733192444 0 6
103.07938361167908 0 1
103.51969027519226 0 -5 // (Get out my life)
103.73579740524292 0 0
103.9438099861145 0 5
104.18355536460876 0 0
104.64791297912598 0 -2 // (I'm so sick of you just playing games)
104.85593557357788 0 -3
105.09586882591248 0 2
105.32790565490723 0 6
105.55979084968567 0 -2
105.78446054458618 0 -3
105.99914479255676 0 2
106.2160427570343 0 6
106.44791603088379 0 2
108.45592308044434 0 -2 // (I'm pretty sure I hate you)
108.70390915870667 0 5
108.9279158115387 0 1
109.14377927780151 0 -2 
109.3595597743988 0 3
109.57577896118164 0 -2
109.99178218841553 0 -5
111.96723866462708 0 -2 // (I'm pretty sure I love you)
112.19170117378235 0 5 
112.455890417099 0 1
112.68790435791016 0 -2 
112.91918563842773 0 3
113.15944790840149 0 -2
113.59976696968079 0 -5