16.21474437713623 0 0
16.497667598724366 0 0
16.769128847122193 0 0
17.03382306098938 0 0
17.289349126815797 0 0
19.873544025421143 0 0
20.0812979221344 0 0
20.369573640823365 0 0
20.864387559890748 0 0
21.153615999221802 0 0
24.473697710037232 0 0
24.713309574127198 0 0
25.177467393875123 0 0
25.329593706130982 0 0
25.52951102256775 0 0
28.105674314498902 0 0
28.31354241371155 0 0
28.600303220748902 0 0
28.856907653808594 0 0
29.503331232070924 0 0
32.799106407165525 0 0
33.02563648223877 0 0
33.263440179824826 0 0
33.52581577301025 0 0
33.77679352760315 0 0
36.37738375663757 0 0
36.61420564651489 0 0
36.88823490142822 0 0
37.13752822875976 0 0
37.40096549987793 0 0
37.63352756500244 0 0
41.031676578521726 0 0
41.28609709739685 0 0
41.537438201904294 0 0
41.8096800327301 0 0
42.07377986907959 0 0
42.30398850440979 0 0
44.86413221359253 0 0
45.12959222793579 0 0
45.39278154373169 0 0
45.62484102249145 0 0
45.88026051521301 0 0
46.145714092254636 0 0
49.193642902374265 0 0
49.4972017288208 0 0
49.9692841053009 0 0
50.134114789962766 0 0
50.29569845199585 0 0
52.60150747299194 0 0
52.84762506484985 0 0
53.135948944091794 0 0
53.417389917373654 0 0
53.91351132392883 0 0
54.153508234024045 0 0
56.98374466896057 0 0
57.23355846405029 0 0
57.50353531837463 0 0
57.75963978767395 0 0
58.02561120986938 0 0
58.257432270050046 0 0
58.53356413841247 0 0
60.79942588806152 0 0
61.073435592651364 0 0
61.3192813873291 0 0
61.598775434494016 0 0
62.14400486946106 0 0
62.38526253700256 0 0
64.98371319770813 0 0
65.21529011726379 0 0
65.46555738449096 0 0
65.7453706741333 0 0
65.99977784156799 0 0
66.24695091247558 0 0
66.47353892326355 0 0
66.76920037269592 0 0
69.08804564476013 0 0
69.32724742889404 0 0
69.59337453842163 0 0
69.8633008480072 0 0
70.3767719745636 0 0
70.61340503692627 0 0
73.96891264915466 0 0
74.23338251113891 0 0
74.48955445289612 0 0
74.75996594429016 0 0
75.03950457572937 0 0
75.24919228553772 0 0
77.85686926841736 0 0
78.11365370750427 0 0
78.39858536720276 0 0
78.63355450630188 0 0
78.85476975440979 0 0
79.1037941455841 0 0
