5.946572494506836 0 0
6.301973915100098 0 0
6.5020647048950195 0 0
7.797855186462403 0 0
8.584963035583497 0 0
8.793444061279297 0 0
9.032625579833985 0 0
9.294123840332032 0 0
9.531672477722168 0 0
9.806002616882324 0 0
10.031487846374512 0 0
10.285858154296875 0 0
10.523939323425294 0 0
10.784766769409181 0 0
11.269895553588867 0 0
12.578532600402832 0 0
12.78202075958252 0 0
13.026404571533204 0 0
13.275923919677735 0 0
13.544527244567872 0 0
13.790065956115724 0 0
14.03115463256836 0 0
14.280516052246094 0 0
14.516928482055665 0 0
14.772744178771973 0 0
15.221839714050294 0 0
15.490040397644044 0 0
16.462150192260744 0 0
16.741822624206545 0 0
17.017914962768554 0 0
17.29385452270508 0 0
17.998003387451174 0 0
18.26191692352295 0 0
18.519000625610353 0 0
18.76735324859619 0 0
19.253892707824708 0 0
20.23019428253174 0 0
21.94204273223877 0 0
22.17823352813721 0 0
22.662157821655274 0 0
22.824704742431642 0 0
22.990004348754884 0 0
23.15784950256348 0 0
23.309958457946777 0 0
23.471482658386233 0 0
23.63480796813965 0 0
23.81381244659424 0 0
24.15546112060547 0 0
25.234328269958496 0 0
25.422129058837893 0 0
25.605840492248536 0 0
25.774174308776857 0 0
25.934102630615236 0 0
26.105890464782718 0 0
26.27005424499512 0 0
26.446018409729007 0 0
26.609889602661134 0 0
26.792717361450197 0 0
27.091942405700685 0 0
27.801321220397952 0 0
27.957309913635257 0 0
28.122690582275393 0 0
28.277392578125003 0 0
28.430268859863283 0 0
28.59785194396973 0 0
28.76617889404297 0 0
29.026348876953126 0 0
29.197863769531253 0 0
29.37783641815186 0 0
29.53408203125 0 0
29.717963600158694 0 0
29.966001129150392 0 0
30.614001083374024 0 0
30.797921180725098 0 0
30.984932136535647 0 0
31.141955566406253 0 0
31.30220012664795 0 0
31.457992553710938 0 0
31.60583209991455 0 0
31.797944831848145 0 0
32.61411399841309 0 0
32.76600532531739 0 0
32.9420970916748 0 0
33.11788482666016 0 0
33.28110637664795 0 0
33.459506034851074 0 0
33.63820152282715 0 0
33.805840492248535 0 0
33.966178512573244 0 0
34.14612712860107 0 0
34.30987205505371 0 0
34.47791652679444 0 0
34.64607334136963 0 0
34.830766677856445 0 0
35.61769256591797 0 0
35.77396659851075 0 0
35.95070552825928 0 0
36.1261209487915 0 0
36.302147483825685 0 0
36.462001991271975 0 0
36.634135246276855 0 0
36.79237384796143 0 0
36.95568714141846 0 0
37.12621002197266 0 0
37.30133495330811 0 0
37.4614315032959 0 0
37.63321590423584 0 0
37.79818153381348 0 0
37.9668872833252 0 0
38.125887107849124 0 0
38.290255355834965 0 0
38.46994342803956 0 0
38.62607345581055 0 0
38.81033573150635 0 0
39.02903938293457 0 0
39.76577186584473 0 0
39.943856430053714 0 0
40.114505767822266 0 0
40.29666614532471 0 0
40.447261810302734 0 0
40.62201004028321 0 0
40.83016090393067 0 0
41.12220211029053 0 0
41.677927017211914 0 0
41.82633686065674 0 0
41.97375965118408 0 0
42.14197597503662 0 0
42.29392185211182 0 0
42.45405197143555 0 0
42.62980880737305 0 0
42.79807510375977 0 0
43.112591171264654 0 0
43.80592269897461 0 0
43.965967941284184 0 0
44.11138496398926 0 0
44.28610610961914 0 0
44.46211624145508 0 0
44.606118774414064 0 0
44.78982563018799 0 0
44.959889030456544 0 0
45.12590427398682 0 0
45.294038963317874 0 0
45.45876884460449 0 0
45.627403068542485 0 0
45.790155792236334 0 0
45.94659900665283 0 0
46.11813831329346 0 0
46.29816207885742 0 0
46.6124792098999 0 0
47.55001869201661 0 0
47.7338794708252 0 0
47.917943763732914 0 0
48.11726970672608 0 0
48.27136631011963 0 0
48.456827354431155 0 0
48.62910823822022 0 0
48.791951751708986 0 0
48.97424373626709 0 0
49.145952033996586 0 0
49.32616138458252 0 0
49.49225254058838 0 0
49.685833358764654 0 0
49.83815364837647 0 0
50.00486927032471 0 0
50.16535606384278 0 0
50.356258392333984 0 0
50.638698387146 0 0
51.618133354187016 0 0
51.77397632598877 0 0
51.9260181427002 0 0
52.1142635345459 0 0
52.269816398620605 0 0
52.43398456573487 0 0
52.61383209228516 0 0
52.77559947967529 0 0
52.96610012054444 0 0
53.13401203155518 0 0
53.31274204254151 0 0
53.48593921661377 0 0
53.650674247741705 0 0
53.79307174682617 0 0
53.965972137451175 0 0
54.14601078033448 0 0
54.2781867980957 0 0
54.49064750671387 0 0
56.5294813156128 0 0
56.755563545227055 0 0
57.02631778717041 0 0
57.29394264221192 0 0
57.51820373535156 0 0
57.800923347473145 0 0
58.055414581298834 0 0
58.309959793090826 0 0
58.541949653625494 0 0
58.805954933166504 0 0
59.28987636566163 0 0
60.59011669158936 0 0
60.71004009246826 0 0
61.03149166107178 0 0
61.20866661071778 0 0
61.55069084167481 0 0
61.74212455749512 0 0
62.021928596496586 0 0
62.24587669372559 0 0
62.469919204711914 0 0
62.74741668701172 0 0
63.262081146240234 0 0
63.533823394775396 0 0
64.52084712982177 0 0
64.77384490966797 0 0
65.01402969360352 0 0
65.27002048492432 0 0
65.51820011138916 0 0
65.77401561737061 0 0
66.02999477386474 0 0
66.2807559967041 0 0
66.51070022583008 0 0
66.74192314147949 0 0
67.26592254638672 0 0
67.73343353271484 0 0
67.98190269470216 0 0
68.24059658050537 0 0
68.48622283935548 0 0
68.75021057128906 0 0
69.00581874847413 0 0
69.23335418701173 0 0
69.45471267700195 0 0
69.71630535125733 0 0
69.95869102478028 0 0
70.22210102081299 0 0
70.48049144744873 0 0
70.76001071929932 0 0
72.53242683410645 0 0
72.77473087310791 0 0
73.00587749481201 0 0
73.2698751449585 0 0
73.49921627044678 0 0
73.75766830444336 0 0
74.02987823486329 0 0
74.27786483764649 0 0
74.52759609222413 0 0
74.7859998703003 0 0
75.29004344940186 0 0
76.54590702056885 0 0
76.75730438232422 0 0
76.92310695648194 0 0
77.21543445587159 0 0
77.48585891723633 0 0
77.77369766235353 0 0
78.02200107574464 0 0
78.2857843399048 0 0
78.54185256958009 0 0
78.79010906219483 0 0
79.26610889434815 0 0
79.50178527832031 0 0
80.52597618103027 0 0
80.7889898300171 0 0
81.02611808776857 0 0
81.27465858459473 0 0
81.52908325195312 0 0
81.7621660232544 0 0
82.00598506927491 0 0
82.25392570495606 0 0
82.486017036438 0 0
82.75303440093995 0 0
83.28578262329103 0 0
83.78194103240968 0 0
84.0137809753418 0 0
84.26589393615723 0 0
84.50589008331299 0 0
84.7628984451294 0 0
85.01903305053712 0 0
85.27319679260255 0 0
85.52184581756592 0 0
85.7738006591797 0 0
86.0301248550415 0 0
86.26597518920899 0 0
86.50977687835694 0 0
86.7980791091919 0 0
87.21780471801759 0 0
87.46984310150147 0 0
87.74601001739502 0 0
87.9930612564087 0 0
88.26993045806886 0 0
88.51780605316162 0 0
88.79330005645753 0 0
89.05067386627198 0 0
89.30686073303224 0 0
90.05385246276856 0 0
90.32190628051758 0 0
90.56572952270508 0 0
90.82205276489259 0 0
91.0620840072632 0 0
91.30200233459473 0 0
92.03389282226563 0 0
92.29629306793214 0 0
92.56577110290527 0 0
92.83299407958985 0 0
93.08200092315674 0 0
93.31394424438477 0 0
93.56175746917725 0 0
93.77869338989258 0 0
94.0657808303833 0 0
94.28593482971192 0 0
95.04600791931153 0 0
95.30186004638672 0 0
95.56977729797364 0 0
95.78189811706544 0 0
96.05851955413819 0 0
96.27793617248535 0 0
96.55784759521485 0 0
96.7586811065674 0 0
97.05791721343995 0 0
97.25518646240235 0 0
98.03326015472413 0 0
98.25391426086426 0 0
98.56573524475098 0 0
98.75791816711427 0 0
99.07391319274903 0 0
99.25863227844239 0 0
100.05795059204102 0 0
100.24596881866455 0 0
100.526096534729 0 0
100.73797855377198 0 0
101.01944046020509 0 0
101.2140417098999 0 0
101.51782894134521 0 0
101.72138290405275 0 0
102.02197265625 0 0
102.28612174987794 0 0
102.78998451232911 0 0
104.22192668914795 0 0
106.21385498046875 0 0
106.41398677825929 0 0
106.54980411529542 0 0
106.72598056793214 0 0
106.87114696502687 0 0
107.1260955810547 0 0
107.27795200347902 0 0
107.4219244003296 0 0
107.60592117309571 0 0
107.75877323150635 0 0
107.92428665161134 0 0
108.12818984985353 0 0
108.26995449066163 0 0
108.42214851379396 0 0
108.62477245330811 0 0
108.79813232421876 0 0
109.08609523773194 0 0
109.27395057678223 0 0
109.59818496704102 0 0
109.77407341003419 0 0
110.07821788787842 0 0
110.26744213104249 0 0
110.76608867645264 0 0
113.48595237731934 0 0
113.71793766021729 0 0
113.97394828796388 0 0
114.19019165039063 0 0
114.70823249816895 0 0
115.50220088958741 0 0
115.74195384979248 0 0
115.98340549468995 0 0
116.25405960083009 0 0
116.73387031555177 0 0
117.73032169342042 0 0
118.21541271209718 0 0
118.48603019714356 0 0
120.51788368225098 0 0
120.78207740783692 0 0
121.02203903198243 0 0
121.26181392669679 0 0
121.51806659698487 0 0
121.77406616210938 0 0
122.03003997802735 0 0
122.27787418365479 0 0
122.54196147918702 0 0
122.80614681243897 0 0
123.31621952056885 0 0
124.5898578643799 0 0
124.75815925598145 0 0
125.03793354034424 0 0
125.27003231048585 0 0
125.56983070373536 0 0
125.75938873291017 0 0
126.06675205230714 0 0
126.28592548370362 0 0
126.52739181518555 0 0
126.7707540512085 0 0
127.27914505004884 0 0
127.53392143249512 0 0
128.53749103546144 0 0
128.79113693237306 0 0
129.04503231048585 0 0
129.29390468597413 0 0
129.54294471740724 0 0
129.7851287841797 0 0
130.03001594543457 0 0
130.28620738983156 0 0
130.52591781616212 0 0
130.75799636840821 0 0
131.2782335281372 0 0
131.7580535888672 0 0
132.00226421356203 0 0
132.26186389923097 0 0
132.50991973876953 0 0
132.76586399078369 0 0
133.0139415740967 0 0
133.26823482513427 0 0
133.51004486083986 0 0
133.75802459716797 0 0
134.0050157546997 0 0
134.2541208267212 0 0
134.47818202972414 0 0
134.75804653167725 0 0
136.5338550567627 0 0
136.78203010559082 0 0
137.02215766906738 0 0
137.2619287490845 0 0
137.49404468536378 0 0
137.76021881103517 0 0
138.03002166748047 0 0
138.28585510253907 0 0
138.5261470794678 0 0
138.78214473724367 0 0
139.28769874572754 0 0
140.57414379119874 0 0
140.75937633514405 0 0
141.05413551330568 0 0
141.27786369323732 0 0
141.55163879394533 0 0
141.76751365661622 0 0
142.02985038757325 0 0
142.2779052734375 0 0
142.5258592605591 0 0
142.76067028045654 0 0
143.25636768341064 0 0
143.50190353393555 0 0
144.51016426086426 0 0
144.7818618774414 0 0
145.0299165725708 0 0
145.28591289520264 0 0
145.5267957687378 0 0
145.7581630706787 0 0
145.9978551864624 0 0
146.2538610458374 0 0
146.50988407135011 0 0
146.77174949645996 0 0
147.26600341796876 0 0
147.78991088867187 0 0
148.02210025787355 0 0
148.27231807708742 0 0
148.51229686737062 0 0
148.76665229797365 0 0
149.0199754714966 0 0
149.27459316253663 0 0
149.51815662384033 0 0
149.76579990386963 0 0
150.02185382843018 0 0
150.2416395187378 0 0
150.48435955047609 0 0
150.7658365249634 0 0